p1-018	2619396.3637	1146862.2281	2393.2481
p1-020	2619410.6327	1146858.1551	2394.6342
p1-019	2619415.2568	1146871.8490	2391.5305
p1-017	2619401.0779	1146875.6295	2388.5813
p1-015	2619387.6288	1146880.7995	2384.8545
p1-016	2619383.2023	1146867.5822	2389.8007
p1-014	2619370.3188	1146873.2627	2384.7020
p1-013	2619375.1643	1146886.3945	2379.2206
p1-011	2619361.2376	1146889.4599	2374.4909
p1-012	2619356.6307	1146876.7166	2380.4822
p1-010	2619344.1479	1146883.3411	2374.7521
p1-009	2619349.5321	1146896.0654	2368.4285
p1-007	2619337.1533	1146902.4308	2363.0837
p1-008	2619331.8681	1146889.7463	2368.9370
p1-006	2619319.5358	1146895.2304	2362.5902
p1-005	2619324.7322	1146908.2385	2357.2720
p1-003	2619311.7026	1146913.0399	2352.1343
p1-004	2619306.0814	1146900.7921	2358.6755
p1-002	2619293.2269	1146908.0544	2356.4563
p1-001	2619299.4896	1146920.8919	2349.4317
RTCM-Ref 0734	2619280.4741	1146938.9621	2353.1300
a6-014	2619317.1987	1146958.5493	2345.2817
a6-013	2619304.6969	1146966.2164	2343.4253
a6-012	2619297.4766	1146953.6268	2339.6301
a6-011	2619309.9735	1146946.0658	2341.7348
a6-010	2619291.3399	1146940.2910	2341.5197
a6-009	2619304.0946	1146932.6926	2342.9588
a6-008	2619285.9849	1146927.3854	2348.4114
a6-007	2619299.5006	1146920.7512	2349.6035
a6-006	2619279.8945	1146915.0773	2355.6429
a6-005	2619293.3851	1146908.9200	2356.0529
a6-004	2619274.4175	1146902.9981	2363.4612
a6-003	2619287.9545	1146897.0240	2363.2539
a6-002	2619269.0317	1146890.5579	2371.9914
a6-001	2619282.4755	1146885.5321	2371.1969
a5-014	2619269.3740	1146890.7187	2371.8735
a5-013	2619255.1748	1146894.2414	2375.0518
a5-011bis	2619257.3698	1146906.4975	2367.0200
a5-012	2619271.4903	1146902.9572	2363.9931
a5-010	2619274.6774	1146915.1225	2356.6784
a5-011	2619260.3998	1146918.6522	2358.9442
a5-009	2619264.5417	1146932.7681	2350.4618
a5-008	2619278.5149	1146927.4420	2349.8105
a5-006	2619284.5383	1146939.6249	2344.2252
a5-005	2619271.0021	1146945.3330	2343.6045
a5-003	2619277.6993	1146958.1935	2339.9052
a5-004	2619291.0249	1146952.0440	2338.8810
a5-002	2619296.4280	1146965.3616	2340.6798
a5-001	2619282.9566	1146971.5232	2338.5273
a4-013	2619215.7007	1146917.0971	2370.5733
a4-014	2619202.3889	1146923.9908	2368.9576
a4-012	2619206.7961	1146935.8435	2360.6993
a4-011	2619220.1965	1146928.8539	2362.3215
a4-009	2619227.3653	1146941.5514	2353.4031
a4-010	2619213.9826	1146947.9983	2352.7721
a4-008	2619218.3884	1146959.2954	2346.0262
a4-007	2619231.9711	1146953.5574	2346.2240
a4-005	2619237.1462	1146965.6551	2339.8964
a4-006	2619223.5936	1146971.6999	2339.5637
swiss-topo-rock2	2619212.7742	1146987.9830	2332.7219
a4-004	2619227.6923	1146985.1064	2334.7357
a4-003	2619241.2089	1146978.6617	2334.6815
DEPO-rock-12-08h	2619253.3000	1147000.9666	2336.9985
a4-002	2619234.8270	1146998.6040	2332.9888
a4-001	2619247.9263	1146991.7145	2334.7126
a3-013	2619258.6377	1146985.8045	2334.5985
a3-014	2619245.8887	1146993.6355	2334.9753
a3-012	2619241.8847	1146979.4856	2334.3792
a3-011	2619254.6493	1146971.5909	2335.9677
a3-010	2619237.3202	1146966.0229	2339.5030
a3-009	2619249.4888	1146958.6668	2341.1058
a3-008	2619231.3002	1146953.4310	2346.6365
a3-007	2619243.5446	1146945.5968	2347.3427
a3-006	2619225.9043	1146940.7902	2354.2266
a3-005	2619238.5088	1146932.8911	2354.2521
a3-004	2619220.4701	1146929.0386	2362.2970
a3-003	2619232.9828	1146921.2641	2361.6467
a3-002	2619215.8322	1146916.7310	2370.6947
a3-001	2619228.4122	1146909.4100	2368.2908
a2-013	2619228.5213	1146909.2164	2368.4844
a2-014	2619242.0989	1146903.7697	2370.9512
a2-012	2619246.2808	1146915.8165	2363.1214
a2-011	2619232.4747	1146921.5705	2361.4458
a2-010	2619250.3110	1146927.4003	2355.8789
a2-009	2619236.9346	1146933.5763	2354.1580
a2-008	2619254.5586	1146939.5314	2349.0393
a2-007	2619241.1051	1146945.5036	2347.2572
a2-006	2619259.1530	1146952.0478	2342.5745
a2-005	2619245.8081	1146958.1410	2341.5582
a2-004	2619263.9905	1146964.7123	2338.0450
a2-003	2619250.9762	1146970.9290	2336.6278
a2-002	2619269.8740	1146978.1700	2337.2715
a2-001	2619256.3300	1146983.8523	2334.5824
a1-014	2619269.8266	1146978.1333	2337.2638
a1-013	2619283.2151	1146971.7479	2338.9851
a1-012	2619264.2252	1146964.5211	2338.0070
a1-011	2619277.3387	1146958.1187	2340.0379
a1-010	2619259.1703	1146951.3650	2342.7937
a1-009	2619271.7634	1146944.5002	2344.1410
a1-008	2619254.2582	1146938.7104	2349.2555
a1-007	2619267.4826	1146931.9415	2350.2224
a1-006	2619250.0242	1146925.7869	2356.7888
a1-005	2619263.6643	1146919.5796	2357.7639
a1-004	2619245.0604	1146913.7511	2364.3811
a1-003	2619258.4426	1146908.0619	2365.8828
a1-001	2619254.0923	1146896.5748	2373.8211
a1-002	2619240.2913	1146901.6858	2372.2462
old-electrode	2619249.8961	1146899.5868	2373.0769
upperBHcairn	2619257.8390	1146951.6881	2343.2327
THE-BOREHOLE	2619259.9340	1146955.1213	2341.2600
lowerBHcairn	2619261.7808	1146966.2321	2337.9110
swiss-topnewr1	2619258.2391	1146967.3905	2338.7159
swiss-topo-rock1	2619212.8805	1146987.9142	2332.7110
swiss-topo-rock	2619212.8809	1146987.8945	2332.7118
DEPO-rock-hole1	2619253.2913	1147000.9429	2336.9639
DEPO-rock-hole	2619253.2965	1147000.9576	2336.9608
RTCM-Ref 0582	2619255.2798	1146998.2393	2332.5804
Pt_105	7.6894	46.4738	2390.4625
Pt_104	7.6894	46.4737	2394.2009
Pt_103	7.6894	46.4736	2396.1548
Pt_102	7.6894	46.4736	2396.1405
Pt_101	7.6893	46.4731	2428.5017
Pt_100	7.6893	46.4731	2427.4938
Pt_99	7.6893	46.4732	2426.4165
Pt_98	7.6893	46.4732	2425.2002
Pt_97	7.6893	46.4732	2424.1391
Pt_96	7.6893	46.4732	2423.0429
Pt_95	7.6893	46.4732	2421.9776
Pt_94	7.6893	46.4732	2420.9074
Pt_93	7.6893	46.4732	2419.8491
Pt_92	7.6893	46.4733	2418.6844
Pt_91	7.6893	46.4733	2417.6701
Pt_90	7.6893	46.4733	2416.4581
Pt_89	7.6893	46.4733	2415.4864
Pt_88	7.6893	46.4733	2414.3275
Pt_87	7.6893	46.4733	2413.3435
Pt_86	7.6893	46.4733	2412.2715
Pt_85	7.6893	46.4734	2411.1667
Pt_84	7.6893	46.4734	2410.0180
Pt_83	7.6893	46.4734	2409.1874
Pt_82	7.6893	46.4734	2408.1909
Pt_81	7.6894	46.4734	2406.9558
Pt_80	7.6894	46.4734	2406.0064
Pt_79	7.6894	46.4735	2405.0144
Pt_78	7.6894	46.4735	2403.9731
Pt_77	7.6894	46.4735	2403.0041
Pt_76	7.6894	46.4735	2402.1524
Pt_75	7.6894	46.4735	2401.2376
Pt_74	7.6894	46.4735	2400.3080
Pt_73	7.6894	46.4735	2399.5643
Pt_72	7.6894	46.4736	2398.6707
Pt_71	7.6894	46.4736	2397.9581
Pt_70	7.6894	46.4736	2397.0178
Pt_69	7.6894	46.4736	2396.2396
Pt_68	7.6894	46.4736	2395.4667
Pt_67	7.6894	46.4736	2394.6975
Pt_66	7.6894	46.4737	2394.0139
Pt_65	7.6894	46.4737	2393.2702
Pt_64	7.6894	46.4737	2392.6396
Pt_63	7.6894	46.4737	2392.0264
Pt_62	7.6894	46.4737	2391.4238
Pt_61	7.6895	46.4737	2390.8138
Pt_60	7.6895	46.4738	2390.4081
Pt_59	7.6895	46.4738	2389.9357
Pt_58	7.6895	46.4738	2389.4553
Pt_57	7.6895	46.4738	2389.1773
Pt_56	7.6895	46.4738	2389.0972
Pt_55	7.6895	46.4738	2389.2263
Pt_54	7.6895	46.4739	2389.1080
Pt_53	7.6893	46.4741	2389.7232
Pt_52	7.6893	46.4741	2389.8077
Pt_51	7.6901	46.4733	2404.2795
Pt_50	7.6901	46.4733	2404.2816
Pt_49	7.6900	46.4733	2403.3894
Pt_48	7.6900	46.4733	2402.7823
Pt_47	7.6900	46.4733	2402.6595
Pt_46	7.6900	46.4733	2402.4736
Pt_45	7.6899	46.4734	2402.1325
Pt_44	7.6899	46.4734	2401.6183
Pt_43	7.6899	46.4734	2400.6691
Pt_42	7.6898	46.4734	2400.3165
Pt_41	7.6898	46.4734	2400.2625
Pt_40	7.6898	46.4734	2400.3840
Pt_39	7.6897	46.4734	2400.5125
Pt_38	7.6897	46.4735	2400.0211
Pt_37	7.6897	46.4735	2399.6721
Pt_36	7.6896	46.4735	2399.6323
Pt_35	7.6896	46.4735	2399.2523
Pt_34	7.6896	46.4735	2398.7704
Pt_33	7.6895	46.4735	2398.3419
Pt_32	7.6895	46.4735	2398.0789
Pt_31	7.6895	46.4736	2397.5418
Pt_30	7.6894	46.4736	2397.2121
Pt_29	7.6894	46.4736	2396.9285
Pt_28	7.6894	46.4736	2396.5710
Pt_27	7.6893	46.4736	2396.3425
Pt_26	7.6893	46.4736	2396.0007
Pt_25	7.6893	46.4737	2395.4938
Pt_24	7.6893	46.4737	2394.7770
Pt_23	7.6892	46.4737	2393.9591
Pt_22	7.6892	46.4737	2393.7153
Pt_21	7.6892	46.4737	2393.4448
Pt_20	7.6891	46.4737	2393.3561
Pt_19	7.6891	46.4737	2393.3069
Pt_18	7.6891	46.4738	2393.1979
Pt_17	7.6890	46.4738	2393.1218
Pt_16	7.6890	46.4738	2393.0406
Pt_15	7.6890	46.4738	2392.5888
Pt_14	7.6889	46.4738	2392.0115
Pt_13	7.6889	46.4738	2391.6904
Pt_12	7.6889	46.4738	2391.1114
Pt_11	7.6888	46.4739	2390.5526
Pt_10	7.6888	46.4739	2389.7162
Pt_9	7.6888	46.4739	2388.7650
Pt_8	7.6887	46.4739	2387.8144
Pt_7	7.6887	46.4739	2386.4958
Pt_6	7.6887	46.4739	2386.1524
Pt_5	7.6886	46.4739	2385.4049
Pt_4	7.6886	46.4739	2385.4317
Pt_3	7.6886	46.4739	2385.1137
Pt_2	7.6888	46.4740	2385.5226
Pt_1	7.6893	46.4741	2389.7342
TEM006	2578537.6869	1182500.0781	643.6009
TEM005	2578531.2897	1182497.2144	632.1809
TEM004	2578530.9093	1182495.3066	632.1815
TEM003	2578530.2160	1182495.4259	632.1625
TEM002	2578530.5826	1182497.2856	632.1787
RTCM-Ref 2624	2578535.5012	1182501.1467	639.3392
TEM001	2578537.3644	1182501.5503	644.5537
GS0001	2578533.3401	1182493.0843	633.7378
