         165
    1      1      2      3      4   -0.1065233188E+02      100.39586
    2      2      3      4      5   -0.1081387714E+02      101.91839
    3      3      4      5      6   -0.1007103975E+02       94.91731
    4      4      5      6      7   -0.8506575771E+01       80.17259
    5      5      6      7      8   -0.8480781205E+01       79.92948
    6      6      7      8      9   -0.1007151460E+02       94.92179
    7      7      8      9     10   -0.1079384690E+02      101.72961
    8      8      9     10     11   -0.1061846332E+02      100.07666
    9      9     10     11     12   -0.1060603042E+02       99.95948
   10     10     11     12     13   -0.1050714232E+02       99.02748
   11     11     12     13     14   -0.1046968518E+02       98.67446
   12     12     13     14     15   -0.1048875619E+02       98.85420
   13     13     14     15     16   -0.1053980784E+02       99.33535
   14     14     15     16     17   -0.1046918698E+02       98.66976
   15     15     16     17     18   -0.1050995750E+02       99.05402
   16     16     17     18     19   -0.1054379399E+02       99.37292
   17     17     18     19     20   -0.1046575032E+02       98.63737
   18     18     19     20     21   -0.1054307791E+02       99.36617
   19     19     20     21     22   -0.1053303363E+02       99.27150
   20     20     21     22     23   -0.1048235491E+02       98.79387
   21     21     22     23     24   -0.1056346890E+02       99.55835
   22      1      2      4      5   -0.2747643186E+01      103.58371
   23      2      3      5      6   -0.2427989741E+01       91.53306
   24      3      4      6      7   -0.1987769370E+01       74.93714
   25      4      5      7      8   -0.1868825431E+01       70.45306
   26      5      6      8      9   -0.1990709687E+01       75.04799
   27      6      7      9     10   -0.2435280527E+01       91.80791
   28      7      8     10     11   -0.2753127319E+01      103.79045
   29      8      9     11     12   -0.2697018600E+01      101.67521
   30      9     10     12     13   -0.2667778233E+01      100.57287
   31     10     11     13     14   -0.2652312166E+01       99.98981
   32     11     12     14     15   -0.2647592978E+01       99.81190
   33     12     13     15     16   -0.2649372059E+01       99.87897
   34     13     14     16     17   -0.2643246386E+01       99.64804
   35     14     15     17     18   -0.2650415810E+01       99.91832
   36     15     16     18     19   -0.2644943128E+01       99.71201
   37     16     17     19     20   -0.2647414493E+01       99.80518
   38     17     18     20     21   -0.2646620021E+01       99.77522
   39     18     19     21     22   -0.2644970725E+01       99.71305
   40     19     20     22     23   -0.2648906574E+01       99.86143
   41     20     21     23     24   -0.2644409685E+01       99.69190
   42      1      2      5      6   -0.9448750025E+00       89.05237
   43      2      3      6      7   -0.7755872663E+00       73.09738
   44      3      4      7      8   -0.8013993436E+00       75.53011
   45      4      5      8      9   -0.7987995914E+00       75.28509
   46      5      6      9     10   -0.7782215594E+00       73.34565
   47      6      7     10     11   -0.9492791047E+00       89.46745
   48      7      8     11     12   -0.1109111379E+01      104.53128
   49      8      9     12     13   -0.1088900394E+01      102.62644
   50      9     10     13     14   -0.1073545023E+01      101.17923
   51     10     11     14     15   -0.1066667460E+01      100.53104
   52     11     12     15     16   -0.1063519838E+01      100.23438
   53     12     13     16     17   -0.1060749114E+01       99.97325
   54     13     14     17     18   -0.1061924197E+01      100.08400
   55     14     15     18     19   -0.1060756391E+01       99.97393
   56     15     16     19     20   -0.1059536850E+01       99.85900
   57     16     17     20     21   -0.1062002630E+01      100.09139
   58     17     18     21     22   -0.1059233990E+01       99.83045
   59     18     19     22     23   -0.1060228560E+01       99.92419
   60     19     20     23     24   -0.1060984955E+01       99.99548
   61      1      2      6      7   -0.3831342162E+00       72.21910
   62      2      3      7      8   -0.4159946112E+00       78.41314
   63      3      4      8      9   -0.4413995946E+00       83.20186
   64      4      5      9     10   -0.4140715075E+00       78.05064
   65      5      6     10     11   -0.3847697868E+00       72.52740
   66      6      7     11     12   -0.4645395462E+00       87.56364
   67      7      8     12     13   -0.5559424928E+00      104.79269
   68      8      9     13     14   -0.5490998910E+00      103.50289
   69      9     10     14     15   -0.5402758702E+00      101.83960
   70     10     11     15     16   -0.5358387485E+00      101.00322
   71     11     12     16     17   -0.5328160356E+00      100.43346
   72     12     13     17     18   -0.5324470785E+00      100.36391
   73     13     14     18     19   -0.5315647464E+00      100.19759
   74     14     15     19     20   -0.5311446323E+00      100.11840
   75     15     16     20     21   -0.5312239773E+00      100.13336
   76     16     17     21     22   -0.5312050799E+00      100.12980
   77     17     18     22     23   -0.5307438820E+00      100.04286
   78     18     19     23     24   -0.5308288334E+00      100.05888
   79      1      2      7      8   -0.2439770581E+00       80.48004
   80      2      3      8      9   -0.2633608831E+00       86.87412
   81      3      4      9     10   -0.2631204430E+00       86.79481
   82      4      5     10     11   -0.2427901517E+00       80.08851
   83      5      6     11     12   -0.2183483745E+00       72.02597
   84      6      7     12     13   -0.2606887228E+00       85.99267
   85      7      8     13     14   -0.3178108197E+00      104.83537
   86      8      9     14     15   -0.3158860599E+00      104.20046
   87      9     10     15     16   -0.3104099615E+00      102.39407
   88     10     11     16     17   -0.3070222501E+00      101.27658
   89     11     12     17     18   -0.3056168203E+00      100.81297
   90     12     13     18     19   -0.3046862906E+00      100.50602
   91     13     14     19     20   -0.3041879591E+00      100.34164
   92     14     15     20     21   -0.3041762099E+00      100.33776
   93     15     16     21     22   -0.3037569227E+00      100.19945
   94     16     17     22     23   -0.3039814908E+00      100.27353
   95     17     18     23     24   -0.3035999645E+00      100.14768
   96      1      2      8      9   -0.1690640296E+00       89.22989
   97      2      3      9     10   -0.1714870250E+00       90.50872
   98      3      4     10     11   -0.1689377294E+00       89.16323
   99      4      5     11     12   -0.1546127115E+00       81.60267
  100      5      6     12     13   -0.1357362853E+00       71.63992
  101      6      7     13     14   -0.1604099288E+00       84.66237
  102      7      8     14     15   -0.1982523031E+00      104.63510
  103      8      9     15     16   -0.1982262842E+00      104.62137
  104      9     10     16     17   -0.1944901759E+00      102.64950
  105     10     11     17     18   -0.1924701510E+00      101.58335
  106     11     12     18     19   -0.1911807725E+00      100.90283
  107     12     13     19     20   -0.1905510837E+00      100.57049
  108     13     14     20     21   -0.1903264810E+00      100.45195
  109     14     15     21     22   -0.1900544828E+00      100.30839
  110     15     16     22     23   -0.1899326209E+00      100.24408
  111     16     17     23     24   -0.1899321545E+00      100.24383
  112      1      2      9     10   -0.1171760403E+00       92.76609
  113      2      3     10     11   -0.1171944233E+00       92.78064
  114      3      4     11     12   -0.1147344854E+00       90.83315
  115      4      5     12     13   -0.1045113796E+00       82.73971
  116      5      6     13     14   -0.9013496897E-01       71.35817
  117      6      7     14     15   -0.1054585997E+00       83.48961
  118      7      8     15     16   -0.1316941147E+00      104.25977
  119      8      9     16     17   -0.1322900173E+00      104.73154
  120      9     10     17     18   -0.1299775189E+00      102.90078
  121     10     11     18     19   -0.1283870034E+00      101.64160
  122     11     12     19     20   -0.1274779990E+00      100.92195
  123     12     13     20     21   -0.1270837993E+00      100.60987
  124     13     14     21     22   -0.1267710580E+00      100.36228
  125     14     15     22     23   -0.1266489761E+00      100.26563
  126     15     16     23     24   -0.1264922415E+00      100.14155
  127      1      2     10     11   -0.8390403870E-01       94.89323
  128      2      3     11     12   -0.8341744506E-01       94.34291
  129      3      4     12     13   -0.8140243777E-01       92.06399
  130      4      5     13     14   -0.7399458996E-01       83.68591
  131      5      6     14     15   -0.6291849582E-01       71.15914
  132      6      7     15     16   -0.7292133342E-01       82.47209
  133      7      8     16     17   -0.9172553763E-01      103.73914
  134      8      9     17     18   -0.9271850134E-01      104.86215
  135      9     10     18     19   -0.9104691746E-01      102.97164
  136     10     11     19     20   -0.8990706809E-01      101.68250
  137     11     12     20     21   -0.8927962786E-01      100.97288
  138     12     13     21     22   -0.8889324759E-01      100.53589
  139     13     14     22     23   -0.8870052849E-01      100.31793
  140     14     15     23     24   -0.8855608958E-01      100.15458
  141      1      2     11     12   -0.6193704036E-01       96.31757
  142      2      3     12     13   -0.6139433629E-01       95.47362
  143      3      4     13     14   -0.5985070484E-01       93.07313
  144      4      5     14     15   -0.5434218642E-01       84.50690
  145      5      6     15     16   -0.4568392105E-01       71.04253
  146      6      7     16     17   -0.5244503324E-01       81.55666
  147      7      8     17     18   -0.6646024246E-01      103.35155
  148      8      9     18     19   -0.6743219645E-01      104.86302
  149      9     10     19     20   -0.6626940864E-01      103.05479
  150     10     11     20     21   -0.6545617028E-01      101.79013
  151     11     12     21     22   -0.6492770351E-01      100.96832
  152     12     13     22     23   -0.6465668851E-01      100.54686
  153     13     14     23     24   -0.6447218076E-01      100.25994
  154      1      2     12     13   -0.4693507556E-01       97.31759
  155      2      3     13     14   -0.4648273709E-01       96.37968
  156      3      4     14     15   -0.4530103509E-01       93.92948
  157      4      5     15     16   -0.4111259869E-01       85.24497
  158      5      6     16     17   -0.3421886909E-01       70.95115
  159      6      7     17     18   -0.3900484089E-01       80.87463
  160      7      8     18     19   -0.4964186718E-01      102.92999
  161      8      9     19     20   -0.5058409512E-01      104.88365
  162      9     10     20     21   -0.4977391277E-01      103.20378
  163     10     11     21     22   -0.4912543947E-01      101.85920
  164     11     12     22     23   -0.4873659729E-01      101.05295
  165     12     13     23     24   -0.4849945043E-01      100.56124
